355.41860461235046
299.0066614151001
287.9876184463501
282.0438814163208
277.39894366264343
274.31169724464417
272.0287082195282
271.689519405365
270.2096109390259
268.99655532836914
268.5408036708832
267.3744020462036
263.34789395332336
263.26396894454956
262.8031163215637
262.05392265319824
261.21876072883606
261.01326966285706
262.5123724937439
262.7419409751892
260.8183240890503
262.8959684371948
260.6070499420166
255.5529797077179
249.9783456325531
251.53260111808777
243.83546686172485
242.6386215686798
242.01620244979858
239.72229599952698
238.40659940242767
235.33536982536316
234.18244862556458
232.60666251182556
232.69261693954468
230.8743975162506
227.67849612236023
227.96600675582886
228.0813283920288
225.5106325149536
223.81223464012146
224.12812864780426
225.14065623283386
219.6402269601822
225.13820254802704
219.68644297122955
218.2637895345688
218.94728231430054
215.15148997306824
218.37854051589966
213.80779337882996
213.87890768051147
211.90889704227448
210.90270948410034
213.7070690393448
208.23759377002716
209.4641535282135
208.4806183576584
208.8331081867218
209.9424660205841
206.833158493042
205.43543350696564
203.7634905576706
205.69114124774933
204.4276738166809
203.314985871315
214.24906015396118
208.08551621437073
201.19400763511658
201.3652025461197
201.66989886760712
198.77006709575653
205.9312471151352
201.30558919906616
198.11388909816742
195.4223916530609
194.32761466503143
193.86965072155
194.7037751674652
194.55904722213745
193.30122816562653
193.56509268283844
191.95443177223206
194.77261221408844
192.24104762077332
191.3396933078766
191.8098508119583
189.877876162529
191.41423618793488
189.00820553302765
189.3347508907318
191.478111743927
194.8459758758545
188.96134161949158
199.28790843486786
191.16191279888153
190.45627343654633
186.27080059051514
185.347114443779
184.82646667957306
