3.1803717613220215
2.4774341950049767
2.3017164262441487
2.295110512238282
2.2488298484912286
2.2130410373210907
2.1872568336816935
2.169858162219708
2.169855949970392
2.145988417359499
2.1431875022558065
2.1137483566999435
2.1103023565732517
2.093099133326457
2.0880635243195753
2.073574749323038
2.0647826148913455
2.065948199767333
2.0523929722034016
2.048397358793479
2.0467552084189196
2.044375709616221
2.0369631831462565
2.0277247096483526
2.0211564887028475
2.021823708827679
2.0312062364358168
2.0212212732205024
1.996892239038761
1.983937564950723
1.9863218046151674
1.9848521099640772
1.992797708282104
1.9900505175957313
1.9821356408871138
1.9826984783777823
1.961077332496643
1.9604036750701757
1.9589370408883462
1.9596063987566874
1.9604316800832748
1.9616435766220093
1.9563589944289281
1.9537383455496569
1.9535815979425724
1.9537702409120707
1.9497160888635194
1.9527226445766597
1.9482072855417545
1.9486842717115695
1.9476429120852397
1.946649091748091
1.9375587839346666
1.9331194701103063
1.9323800114484935
1.9374326639450514
1.932037149484341
1.9371048636161363
1.935709942991917
1.9268626077817037
1.926537662744522
1.926147801371721
1.9255953568678637
1.926937310741498
1.923420420059791
1.91949316744621
1.9209947838233068
1.919032171368599
1.9194391920016363
1.9198791522246141
1.9215604582658181
1.9173733018911803
1.9150210137550647
1.9188385399488301
1.9155964633593192
1.9184849090301073
1.9193109686558063
1.9167352593862093
1.9179069262284498
1.9121909657349954
1.9185575957481678
1.9194222700137358
1.9173993995556464
1.9188673874506583
1.9164670144136136
1.9173961923672602
1.915739274941958
1.9184245249399772
1.9176390182513456
1.9162439841490526
1.9153807232013116
1.9140859727676098
1.9155072913720057
1.9168526518803377
1.913944655886063
1.9160296320915222
1.9147124198766856
1.9150261259995973
1.9129063876775594
1.9163679308616197
