3.2837860263310947
3.2235646018615136
3.1938936481109033
3.1928185453781714
3.19285066311176
3.1925908602201023
3.1924723432614255
3.191199087179624
3.1919998205625095
3.191253689619211
3.1907320893727817
3.1908576580194326
3.191491356262794
3.1911164201222935
3.1909815623210025
3.1906679226801944
3.191724644257472
3.1910456006343546
3.190999388694763
3.191400083211752
3.1919940343269935
3.191006247813885
3.1909125538972707
3.191039585150205
3.191030667378352
3.190896900800558
3.19086078955577
3.1902461510438185
3.189770547243265
3.1896053781876197
3.18970434482281
3.189229639676901
3.1892854250394382
3.189391085734734
3.189134180545807
3.1894996762275696
3.188398778438568
3.188766222733718
3.1887231194055996
3.1898504541470456
3.1888375053038964
3.188787730840536
3.1885391840567956
3.1884935727486243
3.1886293521294227
3.189132355726682
3.188803718640254
3.188146866284884
3.189090536190913
3.1877807837266188
3.1885822323652415
3.1880392799010644
3.1884936598631053
3.18776791370832
3.188403688944303
3.188277230812953
3.1878468990325928
3.1884429042155924
3.1879716377991896
3.187767368096572
3.188069687439845
3.1881289161168613
3.188299435835618
3.1880476428912234
3.188681098131033
3.187543864433582
3.187721610069275
3.1882638105979333
3.1883447032708387
3.1873437212063718
