4.355868027760432
4.008168834906358
3.590803577349736
3.315164538530203
3.188594029499934
3.148633296673114
3.116547300265385
3.093167433371910
3.080807374073909
3.0616362186578603
3.0444253499691305
3.0362773216687717
3.028861302595872
3.007483509870676
3.0025497124745297
2.9872676776005673
2.9760473783199606
2.9524130637829122
2.940493730398325
2.937927319453313
2.924482538149907
2.9159579368738027
2.905459532370934
2.8904377222061157
2.8841780790915856
2.8907481890458326
2.8705464693216176
2.8708291420569787
2.8550210824379554
2.850163276378925
2.847245638187115
2.8316123210466824
2.8329936999541063
2.829766722825857
2.8197775070483866
2.8215226576878476
2.8216815820107093
2.8188333878150353
2.8157233274899998
2.8085604447584887
2.8090538795177755
2.805643998659574
2.8003368927882266
2.803039083114037
2.794846901526818
2.801755593373225
2.7996242229755106
2.7871818267382107
2.7889608511557946
2.791793410594647
2.793896427521339
2.781423256947444
2.7821985483169556
2.7821647112186136
2.773705106515151
2.772767873910757
2.7674134327815127
2.7649971063320455
2.763375392326942
2.7654557686585646
2.7656220381076517
2.7666265139212975
2.7618334476764383
2.7581240305533776
2.7466873480723453
2.753539094558129
2.7516937255859375
2.758453680918767
2.7430731608317447
2.739316325921279
2.7364943394294152
2.7398396730422974
2.7468194411351132
2.739282864790696
2.750078247143672
2.7411605578202467
2.735390598957355
2.744749353482173
2.8568047926976132
2.794799648798429
2.8422444325227003
2.836402627137991
2.7881695123819203
2.7769111486581655
2.7668450520588803
2.7902944087982178
2.9039011551783633
2.89366823893327
2.8401596546173096
2.797519197830787
2.7802008115328274
2.768316617378822
2.8126096358666053
2.81311729321113
2.7716698738244863
2.777477878790635
2.7894720480992246
2.74961296411661
2.744784061725323
2.7319518419412465
2.783691690518306
2.7465143295434804
2.7396330008139977
2.7598406626627994
2.76679121530973
2.7597876512087307
2.7509039915524998
2.7431360391470103
2.83486558840825
2.7670259108910193
2.7596415189596324
2.7393348400409403
2.7292267084121704
2.721458370868976
2.730967484987699
2.7641281256308923
2.7370120928837705
2.727374608700092
2.7353301506776075
2.7199553709763746
2.7126746544471154
2.722618965002207
2.733036453907306
2.713908553123474
2.7099655041327844
2.7039608038388767
2.6931306398831882
2.694878550676199
2.683913130026597
2.7205899220246534
2.7023657193550696
2.72382141993596
2.6994469440900364
2.6931186731045065
2.6844565593279324
2.6952969294327955
2.694879852808439
2.6969310687138486
2.681490888962379
2.6951794899426975
2.6925614522053647
2.690523679439838
2.678869229096633
2.6835119174076962
2.6772455894030056
2.682701514317439
2.680369964012733
2.6823886082722592
2.675525243465717
2.6690354897425723
2.688727828172537
2.834832888383132
2.7699109407571645
2.750267505645752
2.7055120926636915
2.704182037940392
2.6881126257089467
2.6892782358022838
2.696876745957595
2.6975859587009134
2.7016711235046387
2.6771484796817484
2.6933788519639235
2.6696665470416727
2.660536683522738
2.816918418957637
2.7607721365415134
3.2793981570463915
2.961444093630864
2.8711735101846547
2.814463551227863
2.7980619485561666
2.7895657007510843
2.823686260443467
2.8268738159766564
2.828742889257578
2.8159688802865834
2.7754159615590024
2.7990955939659705
2.7697101648037252
2.834564905900222
2.883951581441439
2.7905081510543823
2.7628724850141086
2.746128485752986
2.740978406025813
2.7295354237923255
2.7272867606236386
2.7137648600798387
2.7214330159700832
2.742825847405654
2.740432785107539
2.707133247302129
2.6965953570145826
2.6917557532970724
2.694688457709092
2.6854972014060388
2.7296450413190403
2.7630976255123434
2.7085371292554417
