113.4763298034668
109.45519924163818
108.730881690979
108.67786264419556
108.72671842575073
108.72519445419312
108.66269588470459
108.63855218887329
108.63999795913696
108.67140293121338
108.60743141174316
108.59399271011353
108.85848426818848
108.64834022521973
108.58883857727051
108.57414150238037
108.57423496246338
108.58411502838135
108.57707452774048
108.58164310455322
108.54817724227905
108.55576181411743
108.5536413192749
108.55044937133789
108.52597856521606
108.63343143463135
108.56572914123535
108.5393419265747
108.53265619277954
108.56133508682251
108.56038856506348
108.55107545852661
108.56608057022095
108.53421592712402
108.50822305679321
108.51281309127808
108.54704809188843
108.4999532699585
108.54015350341797
108.5106291770935
108.51375389099121
108.49761152267456
108.48962783813477
108.5313138961792
108.49309730529785
108.56324529647827
108.50489282608032
108.51051902770996
108.51094388961792
108.52844095230103
108.51271200180054
108.49157047271729
108.4499306678772
108.47973012924194
108.47921848297119
108.46484184265137
108.42000150680542
108.47684955596924
108.51460313796997
108.45513439178467
108.41738224029541
108.46243143081665
108.42440462112427
108.42427682876587
108.46877717971802
108.47702932357788
108.47959756851196
108.42466020584106
108.41960954666138
108.40177202224731
108.41458320617676
108.4066424369812
108.47195672988892
108.44552040100098
108.45593357086182
108.40520143508911
108.44813203811646
108.41299533843994
108.38935804367065
108.37165594100952
108.38803482055664
108.41648244857788
108.42427062988281
108.42709159851074
108.39168214797974
108.41325998306274
108.41585111618042
108.3848729133606
108.45552110671997
108.37941551208496
108.39083051681519
108.4062271118164
108.36913633346558
108.42782783508301
108.36481618881226
108.40813398361206
108.39903783798218
108.43155288696289
108.41592168807983
108.37692546844482
