3.2017822173925548
2.803208997616401
2.5537388966633725
2.4724451761979322
2.4539723808948812
2.4441332266880917
2.4315922122735243
2.4297799238791833
2.4271686856563273
2.4324088096618652
2.4153166092359104
2.417479143692897
2.407716929912567
2.4079235104414134
2.407696921091813
2.408041183765118
2.4069554805755615
2.400948194357065
2.3926469133450436
2.390755662551293
2.394435552450327
2.3891542737300577
2.3930123356672435
2.387413047827207
2.377654419495509
2.3749930354265065
2.3725291719803443
2.3726787016941953
2.3649482543651876
2.365186998477349
2.366936078438392
2.359991105703207
2.3578022305782023
2.353468037568606
2.3477699481523953
2.350087922353011
2.3465477640812216
2.3412492779585032
2.340408366460067
2.334897041320801
2.3374131000958958
2.328608457858746
2.3359356293311486
2.323171019554138
2.3191915933902445
2.3099451202612657
2.3062410996510434
2.305831955029414
2.3009734887343187
2.2975745980556193
2.3030790182260366
2.290771232201503
2.291657103941991
2.2869748289768514
2.2899049520492554
2.2823625344496508
2.296503933576437
2.28042478286303
2.2760595908531775
2.274941522341508
2.276666659575242
2.272443753022414
2.268359729876885
2.2800404016788187
2.268199861049652
2.2627881306868334
2.265678483706254
2.26178993170078
2.2552865193440366
2.2551311942247243
2.2589586056195774
2.25447095815952
2.2527572696025553
2.250087091555962
2.2549451222786536
2.2467389427698574
2.246635464521555
2.247144479017991
2.2445705303779016
2.2384619391881504
2.236045314715459
2.2340611586203942
2.2301275455034695
2.2305441682155314
2.226100307244521
2.224438488483429
2.219180785692655
2.2298476237517137
2.222851138848525
2.2205156775621266
2.222191883967473
2.220461918757512
2.216911040819608
2.2193483710289
2.2152909819896403
2.2173723624302792
2.2164997596007128
2.2147055772634654
2.2115280628204346
2.2118759063573985
2.209041329530569
2.2123607580478373
2.212839025717515
2.211244367636167
2.2117980993711033
2.2065035150601315
2.2066883719884434
2.210167279610267
2.208944618701935
2.20341603572552
2.2039218820058384
2.208798124239995
2.201705817992871
2.2041580906281104
2.203132633979504
2.200798030082996
2.2065143355956445
2.1961392210080075
2.196438784782703
2.2002858427854686
2.200275379877824
2.201626805158762
2.1992505972202006
2.1965901530705967
2.197086613911849
2.195356391943418
2.1911191848608165
2.1984367003807654
2.1912682423224816
2.1956718334784875
2.19569639976208
2.1942411294350257
2.1978105765122633
2.189779350390801
2.189521619906792
2.191642839175004
2.189808061489692
2.192129368965442
2.1936133824861965
2.1886927485466003
2.189559601820432
2.188244723356687
2.1859376476361203
2.188841925217555
2.1875264736322255
2.185380683495448
2.1869162045992336
2.18618394778325
2.1868507586992703
2.187488390849187
