3.373045944250547
3.3160450160503387
3.2907804181942573
3.291246865804379
3.2771038000400248
3.2829640897420735
3.2477564697082224
3.2746816392128286
3.222972097305151
3.273478851868556
3.2660638231497545
3.2401364262287435
3.191726246705422
3.1900189083356123
3.194754550090203
3.191547522178063
3.2086191177368164
3.204439479571122
3.1876187851795783
3.1871729653615217
3.180767148733139
3.183418679695863
3.1783778552825632
3.1747943460941315
3.189608482214121
3.1714378091005178
3.170348894137603
3.1685728705846348
3.1611957229100742
3.211519172558418
3.0801411041846642
3.025928896207076
2.9824767273205977
2.9744817591630497
2.9574687091203837
2.953469306230545
2.9460786260091343
2.931753445130128
2.8856755517996273
2.7785592629359317
2.75665552341021
2.742591977119446
2.7431072615660153
2.7306548609183383
2.730713686117759
2.7228652261770687
2.715439276053355
2.7120373936799855
2.7076316521717954
2.699609401134344
2.6966126538239994
2.6823097948844614
2.6715573301682105
2.6580278942218194
2.6442586596195516
2.62445121545058
2.5898600770876956
2.566011749781095
2.554762824223592
2.5524636186086216
2.5462515973127804
2.542716477925961
2.5434079399475684
2.540673865721776
2.5302169483441572
2.519319073512004
2.5090221602183123
2.5109981275521793
2.50752863746423
2.5100746040160837
2.5060889285344343
2.507516849499482
2.5080039340716143
2.5021324318188887
2.5017206141581902
2.507376886331118
2.5040450440003323
2.5000648223436794
2.4948551265092997
2.4926040195501766
2.4903935881761403
2.491177208148516
2.4912756222944994
2.4915341299313765
2.4889627626309028
2.4867094984421363
2.484590179645098
2.4830177288789015
2.479131350150475
2.480491484587009
2.474716145258683
2.471483242053252
2.464621140406682
2.461518074457462
2.4451135580356302
2.4194266612713156
2.408690929412842
2.4037215549212236
2.3958287628797383
2.386496413212556
2.38470308138774
2.3817697832217584
2.38031637439361
2.3775870547844815
2.3779819836983314
2.376144821827228
2.374151573731349
2.3732112783652086
2.372138662980153
2.370444098344216
2.369114543382938
2.37185015128209
2.372037573502614
2.364610431286005
2.3675446854187894
2.3654141494861016
2.364364128846389
2.3620297129337606
2.3590911076619077
2.359190658881114
2.3625433444976807
2.3637735660259542
2.3608300869281473
2.357406352575009
2.359658967990142
2.3601708595569315
2.356848414127643
2.3611858005707083
2.3607223492402296
2.3598049030854154
2.3601340857835917
2.359887650379768
2.358574573810284
2.356733876925248
2.3599074207819424
2.35977303981781
2.359181069410764
2.3633189980800333
2.361666188790248
2.3608948909319363
2.3579567281099467
2.3589019683691173
2.3624207492058096
2.3597093637172994
2.3594818023534923
2.361150801181793
2.361772743555216
2.357789546251297
2.3572964439025292
2.3574259327008176
2.357877011482532
2.3585364589324365
2.359151377127721
2.3590101416294393
2.359769206780654
2.3591835613434133
2.3576228618621826
2.3568713458684774
2.3579734609677243
2.361288059216279
2.3604413935771356
2.356910776633483
2.360424275581653
2.359797099461922
2.360349368590575
2.3583957025637994
2.3609632070247946
2.3599721858134637
2.3620860484930186
2.3605480446265292
2.359487240131085
2.360266016079829
2.3599302218510556
2.357571553725463
2.3589531160317936
