3.185506263604531
2.577312934857148
2.328850262440168
2.300032092974736
2.2693061095017653
2.244991307075207
2.230782171854606
2.2247580221066108
2.2099005923821378
2.1944091342962704
2.17674330335397
2.1706570524435778
2.1512212455272675
2.1425746323970647
2.1272649123118472
2.1277017948719172
2.1069516849059324
2.1014742025962243
2.086773150242292
2.0936816449348745
2.0656340294159374
2.0563911142257543
2.061957916388145
2.0555269110661287
2.05014954163478
2.043364147727306
2.0410293501157026
2.0341956535210977
2.029710127757146
2.0296712529200773
2.0167904599354816
2.022051904063958
2.019272882204789
2.015710642704597
2.00255655669249
2.0057502457728753
2.0065508828713345
2.003777572741875
1.9923529475927353
2.0037998167368083
2.00109029847842
1.9957656264305115
1.9871303221354117
1.9909290625498846
1.949530839920044
1.9401858024872267
1.935741486457678
1.9395503734166806
1.9394577042414591
1.9362602497522647
1.9312352469334235
1.934754653618886
1.9205021628966699
1.918143745798331
1.9189488532451482
1.9161427250275245
1.9191972727958972
1.9190699205948756
1.9131827285656562
1.9147296364490802
1.914026568715389
1.9125500092139611
1.9142016115096898
1.91207917034626
1.910053782738172
1.9086651584276786
1.9125073368732746
1.9107419917216668
1.9110988688010435
1.9120776836688702
1.9106518316727419
1.9109178976370738
1.9111937433481216
1.9100268586323812
1.9142150214085212
1.9140237076924398
1.913131451377502
1.9109662576363637
1.9120826767041132
1.9100480985182982
1.910640271810385
1.9107059664451158
1.9116361232904286
1.9147106684171236
1.91439750790596
1.9100400003103108
1.9095178235035677
1.912440504019077
1.9146397331586251
1.9117515534162521
1.9095271023420186
1.9104385249889815
1.9098191203979344
1.9100270764185832
1.912038349188291
1.9121936926474938
1.91028319643094
1.9118548711905112
1.9145856029712236
1.9105084469685187
