3.5719425128056455
3.5130140506304226
3.489537926820608
3.4342119968854465
3.44200743161715
3.430960109600654
3.428880003782419
3.429286397420443
3.429289084214431
3.4285789407216587
3.428648421397576
3.4290705690017114
3.4270336352861843
3.425614045216487
3.4259370336165795
3.4262897418095517
3.4262345112287083
3.4246283907156725
3.4265772700309753
3.4235525864821215
3.4237785247656016
3.423910154746129
3.423571838782384
3.424140508358295
3.423428636330825
3.424377909073463
3.423562820141132
3.4236106872558594
3.424870495612805
3.4241082118107724
3.4235662130209117
3.4234927938534665
3.4234111996797414
3.422857486284696
3.422879173205449
3.422889769077301
3.423265617627364
3.423264333835015
3.4226541198216953
3.4226404703580418
3.4228030168093166
3.422729868155259
3.422960946193108
3.4226739085637607
3.422736277947059
3.4222347919757548
3.4227612110284658
3.422498780947465
3.422097325325012
3.4224892808840823
3.422616559725541
3.4222882894369273
3.422270962825188
3.4222732048768263
3.4223338044606724
3.421954870223999
3.422205741588886
3.4220752074168277
3.422230404156905
3.4225330352783203
3.4222480883965125
3.4223930147977977
3.4218935599693885
3.4222659789598904
3.422353070515853
3.4221501763050375
3.4221239227515
3.4220003623228807
3.4220202427643995
3.4224602534220767
3.422183165183434
3.4220318473302402
3.4217965557025027
3.422411235479208
3.4220662713050842
3.4224378237357507
3.422657448511857
3.422272828909067
3.422185251346001
3.4219808807739844
3.422048481611105
3.4220636853804955
3.422054593379681
3.4217726634098935
3.4221206857607913
3.4223442261035624
3.4219648241996765
3.4218635834180393
3.422077940060542
3.4221541652312646
3.422041723361382
3.422226947087508
3.4221336658184347
3.4217473085110006
3.4220095735329847
3.4219978635127726
3.421996772289276
3.421842772227067
3.4218973425718455
3.4220170974731445
