2.7225565222593455
2.3425108790397644
2.31351252244069
2.2582479073451114
2.260552773108849
2.2389562084124637
2.230786144733429
2.2121760845184326
2.2024338016143212
2.2059011917847853
2.2048740707910977
2.1922087440123925
2.18989536853937
2.1912310398541965
2.1866379471925588
2.185708325642806
2.182226313994481
2.1823431115884047
2.1781826661183286
2.1755531888741713
2.181967405172495
2.1777482628822327
2.175096938243279
2.173514026861924
2.175673342668093
2.1658345598440905
2.173949901874249
2.1743603486281176
2.172563584951254
