3.188112809107854
2.6975249418845544
2.4933053025832543
2.449649764941289
2.4422354147984433
2.439474037060371
2.4244699569848867
2.4117180980168857
2.407377939957839
2.406525025000939
2.406005630126366
2.403057790719546
2.3953392872443566
2.3919641100443325
2.390084968163417
2.3775079387884874
2.3795475226182203
2.376370159479288
2.36699745288262
2.3684925116025486
2.361218438698695
2.3528561821350684
2.349240303039551
2.3466414717527537
2.3390424389105577
2.3386204059307394
2.3336716569386997
2.337945296214177
2.3267261064969578
2.320283082815317
2.3184206164800205
2.3171352239755483
2.321550195033734
2.3126578330993652
2.3060054091306834
2.31070745908297
2.308510734484746
2.302607151178213
2.3009441861739526
2.276041558155647
2.267401846555563
2.265923344171964
2.2663924464812646
2.2667303681373596
2.2630139130812426
2.263170627447275
2.262894034385681
2.2638821326769314
2.261393198600182
2.262016085477976
2.25300460595351
2.2522288285768948
2.2513093764965353
2.251229309118711
2.250521577321566
2.2503228875306935
2.2505967892133274
2.249368300804725
2.2494713022158694
2.249169844847459
2.247054847387167
2.246353562061603
2.2467271043704105
2.2465657454270582
2.2462250131827135
2.2464348673820496
2.246280564711644
2.245101245550009
2.24635595541734
2.2462107309928308
2.24509996175766
2.244707928254054
2.244291126728058
2.244989202572749
2.245493485377385
2.2442916677548337
2.244295624586252
2.244009100473844
2.2436311565912685
2.24422817505323
2.2440105630801273
2.2445445427527795
2.244460793641897
2.244521356545962
2.2447067407461314
2.2440438912465024
2.2445638317328234
2.243980912061838
2.244530664040492
2.2438986118023214
2.244015560700343
2.2446341514587402
2.244030292217548
2.2439601604755106
2.2446091175079346
2.2442890176406274
2.2446305476702175
2.2438590068083544
2.2438039687963633
2.2441398547245908
